(base) Shrohans-MacBook-Air:Polymer797NS shrohanmohapatra$ python3 SCFT2.py
1 [-1.2302047624749814e-20, 4.080931750362077e-21, -3.958972874654915e-23, 9.194065756139308e-21, -2.4016509506202384e-21, 2.0122054368538577e-22]
2 [1.961057382988898e-21, -1.3824494397588124e-22, 1.1872596843676821e-24, -1.411057390628875e-21, 3.782311316667626e-22, -3.1255846046737565e-23]
3 [-8.06720126216504e-22, 1.8112777701682159e-22, -1.7314989423811577e-24, 8.911933422405804e-22, -2.2105977662641515e-22, 1.6984240600235487e-23]
4 [8.86125487506958e-22, -2.173741123685509e-22, 2.0855519342144507e-24, -4.372085384073832e-22, 1.1910900916964663e-22, -1.0136138813648042e-23]
5 [1.4544015380502008e-22, -6.893778692364574e-23, 6.746772360953635e-25, 1.780407784337315e-22, -4.002047057665278e-23, 2.444387714945275e-24]
6 [5.4544950983810345e-22, -1.5511188714131137e-22, 1.4967492195280313e-24, -1.6349283474472402e-22, 4.864610073212283e-23, -4.503834257232345e-24]
7 [3.27158436715979e-22, -1.0883444652527346e-22, 1.0556138917637026e-24, 3.1902130060679675e-23, -2.4577512181968915e-24, -5.370632356914181e-25]
8 [4.5775280576107435e-22, -1.3697353034016226e-22, 1.324064777292041e-24, -8.978578683316307e-23, 2.955780171890724e-23, -3.0011659516541575e-24]
9 [3.7480609621739497e-22, -1.1898820118789757e-22, 1.1524270536342156e-24, -9.691241574605752e-24, 8.376461073606403e-24, -1.3820868648418676e-24]
10 [4.304663934498239e-22, -1.3110890477652773e-22, 1.2681228646969283e-24, -6.496573884742407e-23, 2.305677266556792e-23, -2.499029607118441e-24]
11 [3.915433158964085e-22, -1.2259566936100452e-22, 1.1868436211039665e-24, -2.5563176008213584e-23, 1.256226950719469e-23, -1.703090234840775e-24]
12 [4.1948310678631245e-22, -1.2870742874781566e-22, 1.2451958095146724e-24, -5.424869301496281e-23, 2.0220548069624247e-23, -2.2829232385887914e-24]
13 [3.990364180298783e-22, -1.2422814005593926e-22, 1.2024264738078821e-24, -3.307368650195968e-23, 1.4559285800590562e-23, -1.85475506981907e-24]
14 [4.1415199717003183e-22, -1.275357704657609e-22, 1.2340069373458741e-24, -4.88299667233564e-23, 1.8777252204804845e-23, -2.1736275267982155e-24]
15 [4.028889057813999e-22, -1.2507093215328265e-22, 1.2104731010627403e-24, -3.704312093703145e-23, 1.561940965435311e-23, -1.9349590252502537e-24]
16 [4.1131140267147466e-22, -1.2691172690645706e-22, 1.2280476234175035e-24, -4.588573588218855e-23, 1.7990276724579264e-23, -2.114149524897604e-24]
17 [4.0499235870542637e-22, -1.2553111743244272e-22, 1.2148667984185068e-24, -3.923815680718367e-23, 1.6207053251180022e-23, -1.9793700290978706e-24]
18 [4.097393667452718e-22, -1.2656721501015763e-22, 1.2247580647799795e-24, -4.4240827160578743e-23, 1.754969031885325e-23, -2.0808612352361766e-24]
19 [4.061685453713219e-22, -1.2578821425271356e-22, 1.2173213796546896e-24, -4.047308486228849e-23, 1.6538129739404243e-23, -2.00438885306113e-24]
20 [4.0885544930538303e-22, -1.2637380822813114e-22, 1.2229114617592527e-24, -4.331161835807218e-23, 1.7300501552980332e-23, -2.0620309833516303e-24]
21 [4.0683210887086626e-22, -1.2593304883660357e-22, 1.2187040675418185e-24, -4.117224454454263e-23, 1.6725751901516727e-23, -2.0185700417051055e-24]
22 [4.083564683294613e-22, -1.2626495374208156e-22, 1.2218722864676736e-24, -4.2785187774155076e-23, 1.7159178616900987e-23, -2.0513481247304176e-24]
23 [4.0720767125756593e-22, -1.2601489361735278e-22, 1.219485352332435e-24, -4.1568945446167285e-23, 1.6832290189962208e-23, -2.0266248740192375e-24]
24 [4.080731387798865e-22, -1.2620310980594834e-22, 1.2212818820697512e-24, -4.248591579128016e-23, 1.7078803244088317e-23, -2.04527120869853e-24]
25 [4.0742100782972218e-22, -1.2606139509296015e-22, 1.219929260537441e-24, -4.1794521222005985e-23, 1.6892893062913754e-23, -2.031207533731793e-24]
26 [4.079122516424757e-22, -1.261680430427062e-22, 1.2209471336812411e-24, -4.231574771971443e-23, 1.7033080946712142e-23, -2.0418135683732307e-24]
(base) Shrohans-MacBook-Air:Polymer797NS shrohanmohapatra$ 
